{
 "cells": [
  {
   "cell_type": "code",
   "execution_count": 1,
   "metadata": {},
   "outputs": [
    {
     "name": "stderr",
     "output_type": "stream",
     "text": [
      "/home/sreelakshmi/anaconda3/envs/igwn-py310/lib/python3.10/site-packages/pandas/core/computation/expressions.py:21: UserWarning: Pandas requires version '2.8.0' or newer of 'numexpr' (version '2.7.3' currently installed).\n",
      "  from pandas.core.computation.check import NUMEXPR_INSTALLED\n"
     ]
    }
   ],
   "source": [
    "import numpy as np\n",
    "from gwbench import network"
   ]
  },
  {
   "cell_type": "markdown",
   "metadata": {},
   "source": [
    "## User Choices"
   ]
  },
  {
   "cell_type": "markdown",
   "metadata": {},
   "source": [
    "#### choose the desired detectors"
   ]
  },
  {
   "cell_type": "code",
   "execution_count": 2,
   "metadata": {},
   "outputs": [],
   "source": [
    "network_spec = ['aLIGO_H','aLIGO_L','aLIGO_V']"
   ]
  },
  {
   "cell_type": "markdown",
   "metadata": {},
   "source": [
    "#### initialize the network with the desired detectors"
   ]
  },
  {
   "cell_type": "code",
   "execution_count": 3,
   "metadata": {},
   "outputs": [],
   "source": [
    "net = network.Network(network_spec)"
   ]
  },
  {
   "cell_type": "markdown",
   "metadata": {},
   "source": [
    "#### choose the desired waveform "
   ]
  },
  {
   "cell_type": "code",
   "execution_count": 4,
   "metadata": {},
   "outputs": [],
   "source": [
    "wf_model_name = 'tf2'"
   ]
  },
  {
   "cell_type": "markdown",
   "metadata": {},
   "source": [
    "#### pass the chosen waveform to the network for initialization"
   ]
  },
  {
   "cell_type": "code",
   "execution_count": 5,
   "metadata": {},
   "outputs": [],
   "source": [
    "net.set_wf_vars(wf_model_name=wf_model_name)"
   ]
  },
  {
   "cell_type": "markdown",
   "metadata": {},
   "source": [
    "#### pick the desired frequency range"
   ]
  },
  {
   "cell_type": "code",
   "execution_count": 6,
   "metadata": {},
   "outputs": [
    {
     "name": "stdout",
     "output_type": "stream",
     "text": [
      "904\n"
     ]
    }
   ],
   "source": [
    "f = np.arange(5.,61.5,2**-4)\n",
    "#print(f)\n",
    "print(len(f))"
   ]
  },
  {
   "cell_type": "markdown",
   "metadata": {},
   "source": [
    "#### set the injection parameters"
   ]
  },
  {
   "cell_type": "code",
   "execution_count": 19,
   "metadata": {},
   "outputs": [],
   "source": [
    "inj_params = {\n",
    "    'Mc':    30.9,\n",
    "    'eta':   0.247,\n",
    "    'chi1z': 0,\n",
    "    'chi2z': 0,\n",
    "    'DL':    475,\n",
    "    'tc':    0,\n",
    "    'phic':  0,\n",
    "    'iota':  np.pi/4,\n",
    "    'ra':    np.pi/4,\n",
    "    'dec':   np.pi/4,\n",
    "    'psi':   np.pi/4,\n",
    "    'gmst0': 0\n",
    "    }"
   ]
  },
  {
   "cell_type": "markdown",
   "metadata": {},
   "source": [
    "#### assign with respect to which parameters to take derivatives"
   ]
  },
  {
   "cell_type": "code",
   "execution_count": 20,
   "metadata": {},
   "outputs": [],
   "source": [
    "deriv_symbs_string = 'Mc eta DL tc phic iota ra dec psi'"
   ]
  },
  {
   "cell_type": "markdown",
   "metadata": {},
   "source": [
    "#### assign which parameters to convert to cos or log versions"
   ]
  },
  {
   "cell_type": "code",
   "execution_count": 21,
   "metadata": {},
   "outputs": [],
   "source": [
    "conv_cos = ('iota','dec')\n",
    "conv_log = ('Mc')"
   ]
  },
  {
   "cell_type": "markdown",
   "metadata": {},
   "source": [
    "#### choose whether to take Earth's rotation into account"
   ]
  },
  {
   "cell_type": "code",
   "execution_count": 22,
   "metadata": {},
   "outputs": [],
   "source": [
    "use_rot = 0"
   ]
  },
  {
   "cell_type": "markdown",
   "metadata": {},
   "source": [
    "#### pass all these variables to the network"
   ]
  },
  {
   "cell_type": "code",
   "execution_count": 23,
   "metadata": {},
   "outputs": [],
   "source": [
    "net.set_net_vars(\n",
    "    f=f, inj_params=inj_params,\n",
    "    deriv_symbs_string=deriv_symbs_string,\n",
    "    conv_cos=conv_cos, conv_log=conv_log,\n",
    "    use_rot=use_rot\n",
    "    )"
   ]
  },
  {
   "cell_type": "markdown",
   "metadata": {},
   "source": [
    "## GW benchmarking"
   ]
  },
  {
   "cell_type": "markdown",
   "metadata": {},
   "source": [
    "#### compute the WF polarizations"
   ]
  },
  {
   "cell_type": "code",
   "execution_count": 24,
   "metadata": {},
   "outputs": [
    {
     "name": "stderr",
     "output_type": "stream",
     "text": [
      "2023-10-12 13:47:51,641 - Network - INFO : Polarizations calculated.\n"
     ]
    },
    {
     "name": "stdout",
     "output_type": "stream",
     "text": [
      "904\n"
     ]
    }
   ],
   "source": [
    "net.calc_wf_polarizations()\n",
    "f0=net.hfc\n",
    "print(len(f0))\n",
    "#print(f0)"
   ]
  },
  {
   "cell_type": "markdown",
   "metadata": {},
   "source": [
    "#### compute the WF polarizations and their derivatives"
   ]
  },
  {
   "cell_type": "code",
   "execution_count": 25,
   "metadata": {},
   "outputs": [
    {
     "name": "stderr",
     "output_type": "stream",
     "text": [
      "2023-10-12 13:47:52,421 - Network - INFO : Calculate numeric derivatives of polarizations.\n",
      "2023-10-12 13:47:52,430 - Network - INFO : Polarizations calculated.\n",
      "2023-10-12 13:47:52,748 - Network - INFO : Numeric derivatives of polarizations calculated.\n"
     ]
    },
    {
     "name": "stdout",
     "output_type": "stream",
     "text": [
      "12\n",
      "del_log_Mc_hfp\n",
      "del_log_Mc_hfc\n",
      "del_eta_hfp\n",
      "del_eta_hfc\n",
      "del_DL_hfp\n",
      "del_DL_hfc\n",
      "del_tc_hfp\n",
      "del_tc_hfc\n",
      "del_phic_hfp\n",
      "del_phic_hfc\n",
      "del_cos_iota_hfp\n",
      "del_cos_iota_hfc\n"
     ]
    }
   ],
   "source": [
    "net.calc_wf_polarizations_derivs_num()\n",
    "f1=net.del_hfpc\n",
    "print(len(f1))\n",
    "#print(f1)\n",
    "\n",
    "for key in f1.keys():\n",
    "   print(key)\n",
    "   \n"
   ]
  },
  {
   "cell_type": "markdown",
   "metadata": {},
   "source": [
    "#### setup antenna patterns, location phase factors, and PSDs"
   ]
  },
  {
   "cell_type": "code",
   "execution_count": 26,
   "metadata": {},
   "outputs": [
    {
     "name": "stderr",
     "output_type": "stream",
     "text": [
      "2023-10-12 13:47:53,794 - Network - INFO : PSDs loaded.\n",
      "2023-10-12 13:47:53,800 - Network - INFO : Antenna patterns and LPFs loaded.\n"
     ]
    }
   ],
   "source": [
    "net.setup_ant_pat_lpf_psds()"
   ]
  },
  {
   "cell_type": "markdown",
   "metadata": {},
   "source": [
    "#### compute the detector responses"
   ]
  },
  {
   "cell_type": "code",
   "execution_count": 27,
   "metadata": {},
   "outputs": [
    {
     "name": "stderr",
     "output_type": "stream",
     "text": [
      "2023-10-12 13:47:54,429 - Network - INFO : Detector responses calculated.\n"
     ]
    }
   ],
   "source": [
    "net.calc_det_responses()"
   ]
  },
  {
   "cell_type": "markdown",
   "metadata": {},
   "source": [
    "#### compute the detector responses and their derivatives"
   ]
  },
  {
   "cell_type": "code",
   "execution_count": 28,
   "metadata": {},
   "outputs": [
    {
     "name": "stderr",
     "output_type": "stream",
     "text": [
      "2023-10-12 13:47:55,174 - Network - INFO : Calculate numeric derivatives of detector responses.\n",
      "2023-10-12 13:47:55,176 - Network - INFO :    aLIGO_H\n",
      "2023-10-12 13:47:55,368 - Network - INFO :    aLIGO_L\n",
      "2023-10-12 13:47:55,510 - Network - INFO :    aLIGO_V\n",
      "2023-10-12 13:47:55,642 - Network - INFO : Numeric derivatives of detector responses calculated.\n"
     ]
    }
   ],
   "source": [
    "net.calc_det_responses_derivs_num()"
   ]
  },
  {
   "cell_type": "markdown",
   "metadata": {},
   "source": [
    "#### calculate the network and detector SNRs"
   ]
  },
  {
   "cell_type": "code",
   "execution_count": 29,
   "metadata": {},
   "outputs": [
    {
     "name": "stderr",
     "output_type": "stream",
     "text": [
      "2023-10-12 13:47:57,604 - Network - INFO : SNRs calculated.\n"
     ]
    }
   ],
   "source": [
    "net.calc_snrs()"
   ]
  },
  {
   "cell_type": "markdown",
   "metadata": {},
   "source": [
    "#### calculate the network and detector Fisher matrices, condition numbers, covariance matrices, error estimates, and inversion errors"
   ]
  },
  {
   "cell_type": "code",
   "execution_count": 30,
   "metadata": {},
   "outputs": [
    {
     "name": "stderr",
     "output_type": "stream",
     "text": [
      "2023-10-12 13:47:58,812 - Network - INFO : Calculate errors (Fisher & cov matrices).\n",
      "2023-10-12 13:47:58,815 - Network - INFO :    aLIGO_H\n",
      "2023-10-12 13:47:58,876 - Network - INFO :    aLIGO_L\n",
      "2023-10-12 13:47:58,964 - Network - INFO :    aLIGO_V\n",
      "2023-10-12 13:47:59,077 - Network - INFO : Errors calculated.\n"
     ]
    }
   ],
   "source": [
    "net.calc_errors()"
   ]
  },
  {
   "cell_type": "markdown",
   "metadata": {},
   "source": [
    "#### calculate the 90%-credible sky area (in deg)"
   ]
  },
  {
   "cell_type": "code",
   "execution_count": 31,
   "metadata": {},
   "outputs": [
    {
     "name": "stderr",
     "output_type": "stream",
     "text": [
      "2023-10-12 13:48:01,908 - Network - INFO : Sky areas calculated.\n"
     ]
    }
   ],
   "source": [
    "net.calc_sky_area_90()"
   ]
  },
  {
   "cell_type": "code",
   "execution_count": 32,
   "metadata": {},
   "outputs": [
    {
     "name": "stdout",
     "output_type": "stream",
     "text": [
      "824\n"
     ]
    }
   ],
   "source": [
    "f= net.detectors[0].f\n",
    "h=net.detectors[0].hf\n",
    "print(len(f))\n",
    "#print(f)"
   ]
  },
  {
   "cell_type": "code",
   "execution_count": 33,
   "metadata": {},
   "outputs": [
    {
     "name": "stdout",
     "output_type": "stream",
     "text": [
      "9\n",
      "del_log_Mc_hf\n",
      "del_eta_hf\n",
      "del_DL_hf\n",
      "del_tc_hf\n",
      "del_phic_hf\n",
      "del_cos_iota_hf\n",
      "del_ra_hf\n",
      "del_cos_dec_hf\n",
      "del_psi_hf\n"
     ]
    }
   ],
   "source": [
    "f2=net.detectors[0].del_hf\n",
    "print(len(f2))\n",
    "#print(f2)\n",
    "for key in f2.keys():\n",
    "   print(key)\n",
    "  "
   ]
  },
  {
   "cell_type": "code",
   "execution_count": 34,
   "metadata": {
    "scrolled": true
   },
   "outputs": [
    {
     "name": "stdout",
     "output_type": "stream",
     "text": [
      "[[ 2.01382016e+04 -8.73612963e+03 -1.70760877e-02 -3.21174942e+04\n",
      "   2.32152586e+02  5.93020732e+01 -2.09032148e+03  4.08591008e+03\n",
      "   4.76556399e+02]\n",
      " [-8.73612963e+03  4.29573539e+04  6.44738487e-06 -1.37393841e+05\n",
      "   3.99270764e+02  8.40616576e+01 -2.64766597e+03  6.33194063e+03\n",
      "   8.21081882e+02]\n",
      " [-1.70760877e-02  6.44738487e-06  4.31681276e-05 -6.52698544e-05\n",
      "   3.03257303e-07 -2.63377295e-02  1.86950936e-01  3.64284653e-01\n",
      "   2.15912417e-03]\n",
      " [-3.21174942e+04 -1.37393841e+05 -6.52698544e-05  6.45336843e+05\n",
      "  -2.37989041e+03 -5.01057014e+02  1.75147530e+04 -3.97354075e+04\n",
      "  -4.89413389e+03]\n",
      " [ 2.32152586e+02  3.99270764e+02  3.03257303e-07 -2.37989041e+03\n",
      "   9.73959601e+00  2.05055326e+00 -7.42850241e+01  1.65613416e+02\n",
      "   2.00290253e+01]\n",
      " [ 5.93020732e+01  8.40616576e+01 -2.63377295e-02 -5.01057014e+02\n",
      "   2.05055326e+00  1.65009691e+01 -1.29704029e+02 -1.87386752e+02\n",
      "   2.89991995e+00]\n",
      " [-2.09032148e+03 -2.64766597e+03  1.86950936e-01  1.75147530e+04\n",
      "  -7.42850241e+01 -1.29704029e+02  1.38259995e+03  3.07162593e+02\n",
      "  -1.43415613e+02]\n",
      " [ 4.08591008e+03  6.33194063e+03  3.64284653e-01 -3.97354075e+04\n",
      "   1.65613416e+02 -1.87386752e+02  3.07162593e+02  5.89853945e+03\n",
      "   3.58791037e+02]\n",
      " [ 4.76556399e+02  8.21081882e+02  2.15912417e-03 -4.89413389e+03\n",
      "   2.00290253e+01  2.89991995e+00 -1.43415613e+02  3.58791037e+02\n",
      "   4.12966870e+01]]\n"
     ]
    }
   ],
   "source": [
    "f3=net.detectors[0].fisher\n",
    "print(f3)"
   ]
  },
  {
   "cell_type": "code",
   "execution_count": 35,
   "metadata": {},
   "outputs": [
    {
     "name": "stdout",
     "output_type": "stream",
     "text": [
      "[[ 3.84392403e-03  6.44062599e-03  3.19809971e+01 -5.76869428e-01\n",
      "  -1.54645233e+02 -2.44771393e+02 -4.83683586e+01  8.41063213e+00\n",
      "  -2.17394958e+02]\n",
      " [ 6.44062599e-03  1.13722626e-02  9.68571548e+01 -9.44627762e-01\n",
      "  -2.05480499e+02 -4.15232666e+02 -7.99059677e+01  1.32017088e+01\n",
      "  -3.75634308e+02]\n",
      " [ 3.19809971e+01  9.68571548e+01  2.26178957e+11  1.58731020e+07\n",
      "  -3.42109888e+08  2.78855086e+10  2.42932787e+09  7.29702848e+08\n",
      "   2.17392102e+09]\n",
      " [-5.76869428e-01 -9.44627762e-01  1.58731020e+07  3.02559805e+04\n",
      "   1.59888112e+06  1.44634590e+07  2.60053350e+06 -3.74193750e+05\n",
      "   1.40759760e+07]\n",
      " [-1.54645233e+02 -2.05480499e+02 -3.42109888e+08  1.59888112e+06\n",
      "   3.30134528e+09  1.06290450e+06  1.03481040e+08 -4.92925200e+07\n",
      "  -6.24098048e+08]\n",
      " [-2.44771393e+02 -4.15232666e+02  2.78855086e+10  1.44634590e+07\n",
      "   1.06290450e+06  2.79097098e+10  2.36361677e+09  7.95330176e+08\n",
      "   1.05072237e+09]\n",
      " [-4.83683586e+01 -7.99059677e+01  2.42932787e+09  2.60053350e+06\n",
      "   1.03481040e+08  2.36361677e+09  2.83330144e+08  1.98417220e+07\n",
      "   9.03467456e+08]\n",
      " [ 8.41063213e+00  1.32017088e+01  7.29702848e+08 -3.74193750e+05\n",
      "  -4.92925200e+07  7.95330176e+08  1.98417220e+07  4.98436600e+07\n",
      "  -4.40468800e+08]\n",
      " [-2.17394958e+02 -3.75634308e+02  2.17392102e+09  1.40759760e+07\n",
      "  -6.24098048e+08  1.05072237e+09  9.03467456e+08 -4.40468800e+08\n",
      "   8.86139085e+09]]\n"
     ]
    }
   ],
   "source": [
    "f4=net.detectors[0].cov\n",
    "print(f4)"
   ]
  },
  {
   "cell_type": "code",
   "execution_count": 36,
   "metadata": {},
   "outputs": [
    {
     "name": "stdout",
     "output_type": "stream",
     "text": [
      "0.061999388\n",
      "0.10664081\n",
      "475582.75\n",
      "173.94246\n",
      "57457.336\n",
      "167062.0\n",
      "16832.414\n",
      "7060.0044\n"
     ]
    }
   ],
   "source": [
    "for i in np.arange(0,8):\n",
    "   err= np.sqrt(f4[i,i])\n",
    "   print(err)\n"
   ]
  },
  {
   "cell_type": "code",
   "execution_count": 25,
   "metadata": {},
   "outputs": [
    {
     "name": "stdout",
     "output_type": "stream",
     "text": [
      "[-1.0583433e+00  1.4717723e-04  8.6458353e-03  1.6986238e-02\n",
      "  2.4284267e+00  3.2455744e+09  8.9609083e+09  2.4291873e+10\n",
      "  2.3008625e+11] [[ 2.34889681e-03  8.66450012e-01 -2.67115653e-01  4.21750128e-01\n",
      "   5.90582704e-03 -5.41530127e-08  2.10477609e-08  1.07379012e-08\n",
      "   1.90887497e-11]\n",
      " [ 4.59742919e-03 -4.99248981e-01 -4.57119644e-01  7.35963464e-01\n",
      "   1.13440016e-02 -7.46180788e-08  3.71260995e-08  1.84631492e-08\n",
      "  -1.50427323e-10]\n",
      " [ 1.17660384e-04 -4.34330083e-08 -1.01916912e-05 -6.29033821e-06\n",
      "  -5.24242605e-05  1.31138822e-03  3.35596572e-03  1.37740284e-01\n",
      "  -9.90461826e-01]\n",
      " [ 1.30940989e-01  3.82439443e-03  8.40273201e-01  5.22774756e-01\n",
      "   5.90254143e-02  9.33141389e-04 -1.45921810e-03 -5.35296625e-04\n",
      "  -7.76864763e-05]\n",
      " [-1.15098543e-02  1.70423300e-05 -1.75828766e-03 -1.83735648e-03\n",
      "   5.37705906e-02  9.92765486e-01  1.06691033e-01 -1.10897014e-03\n",
      "   1.51753344e-03]\n",
      " [-7.42101148e-02  3.01389609e-05  5.84854931e-03  3.44920275e-03\n",
      "   4.33037169e-02 -1.03272842e-02  5.81284910e-02 -9.85071898e-01\n",
      "  -1.36818632e-01]\n",
      " [ 6.24119341e-01 -3.98113625e-04 -3.48311961e-02 -1.39515763e-02\n",
      "  -7.68887997e-01  5.78135662e-02 -8.46490264e-02 -8.50196257e-02\n",
      "  -1.19183855e-02]\n",
      " [ 7.66385615e-01  1.40628217e-05 -1.11194640e-01 -8.34532455e-02\n",
      "   6.23492420e-01 -3.10102124e-02  5.34968860e-02 -2.72977203e-02\n",
      "  -3.59628536e-03]\n",
      " [-1.77862048e-02  3.28513343e-05 -4.12544748e-03 -4.09293827e-03\n",
      "   1.07955441e-01  1.00017227e-01 -9.87520814e-01 -5.18262908e-02\n",
      "  -1.04286475e-02]]\n"
     ]
    }
   ],
   "source": [
    "u,w=np.linalg.eigh(f4)\n",
    "print(u,w)"
   ]
  },
  {
   "cell_type": "code",
   "execution_count": 26,
   "metadata": {},
   "outputs": [
    {
     "name": "stdout",
     "output_type": "stream",
     "text": [
      "[[ 2.34889681e-03]\n",
      " [ 4.59742919e-03]\n",
      " [ 1.17660384e-04]\n",
      " [ 1.30940989e-01]\n",
      " [-1.15098543e-02]\n",
      " [-7.42101148e-02]\n",
      " [ 6.24119341e-01]\n",
      " [ 7.66385615e-01]\n",
      " [-1.77862048e-02]]\n"
     ]
    }
   ],
   "source": [
    "import matplotlib.pyplot as plt\n",
    "cov_matrix = f4\n",
    "\n",
    "\n",
    "eigenvalues, eigenvectors = np.linalg.eigh(cov_matrix)\n",
    "\n",
    "\n",
    "sorted_indices = np.argsort(eigenvalues)[::-1]\n",
    "eigenvalues = eigenvalues[sorted_indices]\n",
    "eigenvectors = eigenvectors[:, sorted_indices]\n",
    "max_eigenvlue= eigenvalues[0]\n",
    "max_eigenvector = eigenvectors[:,0]\n",
    "min_eigenvalue = eigenvalues[8]\n",
    "min_eigenvector= eigenvectors[:,-1]\n",
    "print(min_eigenvector)\n",
    "chisquare_val = 2.4477\n",
    "\n",
    "\n",
    "#print(eigenvectors)\n",
    "\n"
   ]
  },
  {
   "cell_type": "markdown",
   "metadata": {},
   "source": [
    "## Print results"
   ]
  },
  {
   "cell_type": "markdown",
   "metadata": {},
   "source": [
    "#### print the contents of the detector objects (inside the network)"
   ]
  },
  {
   "cell_type": "code",
   "execution_count": 27,
   "metadata": {},
   "outputs": [],
   "source": [
    "#net.print_detectors()"
   ]
  },
  {
   "cell_type": "markdown",
   "metadata": {},
   "source": [
    "#### print the contents of the network objects"
   ]
  },
  {
   "cell_type": "code",
   "execution_count": 28,
   "metadata": {},
   "outputs": [],
   "source": [
    "#net.print_network()"
   ]
  },
  {
   "cell_type": "code",
   "execution_count": 29,
   "metadata": {},
   "outputs": [],
   "source": [
    "mean = [30.9, 0.247, 475, 0,0 , np.pi/4, np.pi/4, np.pi/4, np.pi/4]\n"
   ]
  },
  {
   "cell_type": "code",
   "execution_count": 30,
   "metadata": {},
   "outputs": [
    {
     "name": "stdout",
     "output_type": "stream",
     "text": [
      "[[0.00384392 0.00644063]\n",
      " [0.00644063 0.01137226]]\n",
      "[0.00014816 0.01506803]\n"
     ]
    }
   ],
   "source": [
    "import numpy as np\n",
    "xy_cov = cov_matrix[np.ix_([0, 1], [0, 1])]\n",
    "print(xy_cov)\n",
    "x,y=np.linalg.eigh(xy_cov)\n",
    "print(x)"
   ]
  },
  {
   "cell_type": "code",
   "execution_count": 31,
   "metadata": {},
   "outputs": [
    {
     "name": "stdout",
     "output_type": "stream",
     "text": [
      "radii=  [0.02979346 0.30045983]\n",
      "radii=  [1.5175581e-01 1.1640839e+06]\n",
      "radii=  [2.6102424e-01 1.1640839e+06]\n",
      "radii=  [1.5153864e-01 4.2575897e+02]\n",
      "radii=  [2.6068604e-01 4.2575897e+02]\n",
      "radii=  [4.1784769e+02 1.1640839e+06]\n",
      "radii=  [1.5161283e-01 1.4063833e+05]\n",
      "radii=  [2.6087788e-01 1.4063833e+05]\n",
      "radii=  [ 140627.14 1164085.2 ]\n",
      "radii=  [   420.27527 140638.33   ]\n",
      "radii=  [1.5171352e-01 4.0891766e+05]\n",
      "radii=  [2.6095381e-01 4.0891766e+05]\n",
      "radii=  [ 379688.84 1173942.8 ]\n",
      "radii=  [3.6927573e+02 4.0891769e+05]\n",
      "radii=  [140638.33 408917.66]\n",
      "radii=  [1.5159282e-01 4.1200699e+04]\n",
      "radii=  [2.6076597e-01 4.1200699e+04]\n",
      "radii=  [  39255.47 1164151.1 ]\n",
      "radii=  [  195.61026 41202.438  ]\n",
      "radii=  [ 40942.215 140713.8  ]\n",
      "radii=  [ 22241.273 410385.75 ]\n",
      "radii=  [1.5172789e-01 1.7280773e+04]\n",
      "radii=  [2.6098460e-01 1.7280773e+04]\n",
      "radii=  [  16867.652 1164090.   ]\n",
      "radii=  [  405.5007 17281.26  ]\n",
      "radii=  [ 17150.773 140654.23 ]\n",
      "radii=  [ 12755.647 409083.8  ]\n",
      "radii=  [16988.08  41322.242]\n",
      "radii=  [1.5165059e-01 2.3041414e+05]\n",
      "radii=  [2.6084194e-01 2.3041414e+05]\n",
      "radii=  [ 230131.27 1164139.9 ]\n",
      "radii=  [2.1751253e+02 2.3041444e+05]\n",
      "radii=  [139156.72 231311.95]\n",
      "radii=  [229661.67 409340.72]\n",
      "radii=  [ 33668.734 231634.61 ]\n",
      "radii=  [ 12924.317 230699.52 ]\n"
     ]
    }
   ],
   "source": [
    "import numpy as np\n",
    "n_params = len(mean)\n",
    "\n",
    "for i in range (n_params):\n",
    "    for j in range(i):\n",
    "        #print(i,j)\n",
    "        \n",
    "       xy_cov = cov_matrix[np.ix_([i, j], [i, j])]\n",
    "       eigenvalues,v= np.linalg.eigh(xy_cov)\n",
    "       #print('eigenvalues=',eigenvalues)\n",
    "       print('radii= ',np.sqrt(eigenvalues)*2.4477)\n",
    "       \n"
   ]
  },
  {
   "cell_type": "code",
   "execution_count": 32,
   "metadata": {},
   "outputs": [
    {
     "name": "stdout",
     "output_type": "stream",
     "text": [
      "5.991464547107979\n"
     ]
    }
   ],
   "source": [
    "from scipy.stats import chi2\n",
    "confidence_level = 0.95\n",
    "chi_squared_val = chi2.ppf(confidence_level,2)\n",
    "print(chi_squared_val)"
   ]
  },
  {
   "cell_type": "code",
   "execution_count": 33,
   "metadata": {},
   "outputs": [
    {
     "data": {
